ID,GENERATED,GROUND_TRUTH,QUESTIONNAIRE_TOPIC,POSITION_DEVIATION,COSINE_WITH_QUESTION,COSINE_WITH_TOPIC,FINAL_SCORE
0,"On a scale of 1 to 10, how satisfied are you with your current job?",What is your role in the company?,Job Satisfaction,0.0,0.42207128,0.54981923,0.46039566397666926
0,"On a scale of 1 to 10, how satisfied are you with your current job?",How long have you been with the company?,Job Satisfaction,0.058823529411764705,0.46765524,0.54981923,0.4649541917774412
0,"On a scale of 1 to 10, how satisfied are you with your current job?",How long have you been in your role?,Job Satisfaction,0.11764705882352941,0.49913064,0.54981923,0.4601964553720073
0,"On a scale of 1 to 10, how satisfied are you with your current job?","Overall, how satisfied are you with your job?",Job Satisfaction,0.17647058823529413,0.8098726,0.54981923,0.6220781171321867
0,"On a scale of 1 to 10, how satisfied are you with your current job?",Are you satisfied with your current job role and responsibilities?,Job Satisfaction,0.23529411764705882,0.6749655,0.54981923,0.5160079780079069
0,"On a scale of 1 to 10, how satisfied are you with your current job?",How clearly are your job responsibilities and expectations communicated to you?,Job Satisfaction,0.29411764705882354,0.36677694,0.54981923,0.3258510773832148
0,"On a scale of 1 to 10, how satisfied are you with your current job?","Please, rate the level of challenge and interest in your work",Job Satisfaction,0.35294117647058826,0.5240807,0.54981923,0.39307123189387116
0,"On a scale of 1 to 10, how satisfied are you with your current job?","How satisfied are you with the physical work environment (e.g., office space, equipment, facilities)?",Job Satisfaction,0.4117647058823529,0.561862,0.54981923,0.3954264909029008
0,"On a scale of 1 to 10, how satisfied are you with your current job?",What is your opinion about the overall work atmosphere and culture?,Job Satisfaction,0.47058823529411764,0.475732,0.54981923,0.33861155450344077
0,"On a scale of 1 to 10, how satisfied are you with your current job?",Do you feel well when you get along with your colleagues?,Job Satisfaction,0.5294117647058824,0.31625104,0.54981923,0.2525948249376737
0,"On a scale of 1 to 10, how satisfied are you with your current job?",I am satisfied with the support and guidance received from my immediate manager,Job Satisfaction,0.5882352941176471,0.45241353,0.54981923,0.30325181760169834
0,"On a scale of 1 to 10, how satisfied are you with your current job?",Do you receive constructive feedback on your performance?,Job Satisfaction,0.6470588235294118,0.35205925,0.54981923,0.2497708248240607
0,"On a scale of 1 to 10, how satisfied are you with your current job?","How satisfied are you with your compensation (salary, bonuses)?",Job Satisfaction,0.7058823529411765,0.68743736,0.54981923,0.3787787106530419
0,"On a scale of 1 to 10, how satisfied are you with your current job?","Please, rate you satisfaction level with the benefits provided by the company (e.g., health insurance, retirement plans, leave policies)",Job Satisfaction,0.7647058823529411,0.58150315,0.54981923,0.324132186571757
0,"On a scale of 1 to 10, how satisfied are you with your current job?","In your opinion, are there enough opportunities for career advancement within the company?",Job Satisfaction,0.8235294117647058,0.45887557,0.54981923,0.2666031394274004
0,"On a scale of 1 to 10, how satisfied are you with your current job?",How likely are you to recommend this company as a good place to work?,Job Satisfaction,0.8823529411764706,0.5676949,0.54981923,0.2987389817833901
0,"On a scale of 1 to 10, how satisfied are you with your current job?",Do you have any additional comments or suggestions to improve job satisfaction?,Job Satisfaction,0.9411764705882353,0.5769694,0.54981923,0.29303072004607233
1,Do you feel that your job is challenging enough?,What is your role in the company?,Job Satisfaction,0.058823529411764705,0.37065342,0.46939415,0.3780381032162242
1,Do you feel that your job is challenging enough?,How long have you been with the company?,Job Satisfaction,0.0,0.3230787,0.46939415,0.36697332859039306
1,Do you feel that your job is challenging enough?,How long have you been in your role?,Job Satisfaction,0.058823529411764705,0.45907125,0.46939415,0.4364921117822329
1,Do you feel that your job is challenging enough?,"Overall, how satisfied are you with your job?",Job Satisfaction,0.11764705882352941,0.58559406,0.46939415,0.4927620759135798
1,Do you feel that your job is challenging enough?,Are you satisfied with your current job role and responsibilities?,Job Satisfaction,0.17647058823529413,0.7143355,0.46939415,0.5447251307964324
1,Do you feel that your job is challenging enough?,How clearly are your job responsibilities and expectations communicated to you?,Job Satisfaction,0.23529411764705882,0.50275797,0.46939415,0.39889190253757295
1,Do you feel that your job is challenging enough?,"Please, rate the level of challenge and interest in your work",Job Satisfaction,0.29411764705882354,0.51891744,0.46939415,0.38950125927274876
1,Do you feel that your job is challenging enough?,"How satisfied are you with the physical work environment (e.g., office space, equipment, facilities)?",Job Satisfaction,0.35294117647058826,0.37142476,0.46939415,0.2962549933920736
1,Do you feel that your job is challenging enough?,What is your opinion about the overall work atmosphere and culture?,Job Satisfaction,0.4117647058823529,0.3970538,0.46939415,0.29661876944204174
1,Do you feel that your job is challenging enough?,Do you feel well when you get along with your colleagues?,Job Satisfaction,0.47058823529411764,0.35915568,0.46939415,0.26671451199054713
1,Do you feel that your job is challenging enough?,I am satisfied with the support and guidance received from my immediate manager,Job Satisfaction,0.5294117647058824,0.31493843,0.46939415,0.23621836235890023
1,Do you feel that your job is challenging enough?,Do you receive constructive feedback on your performance?,Job Satisfaction,0.5882352941176471,0.46486503,0.46939415,0.29354829611601646
1,Do you feel that your job is challenging enough?,"How satisfied are you with your compensation (salary, bonuses)?",Job Satisfaction,0.6470588235294118,0.47381136,0.46939415,0.2868666183735643
1,Do you feel that your job is challenging enough?,"Please, rate you satisfaction level with the benefits provided by the company (e.g., health insurance, retirement plans, leave policies)",Job Satisfaction,0.7058823529411765,0.23352653,0.46939415,0.17837502874177075
1,Do you feel that your job is challenging enough?,"In your opinion, are there enough opportunities for career advancement within the company?",Job Satisfaction,0.7647058823529411,0.53583217,0.46939415,0.2923437645037969
1,Do you feel that your job is challenging enough?,How likely are you to recommend this company as a good place to work?,Job Satisfaction,0.8235294117647058,0.3705696,0.46939415,0.21947381400292923
1,Do you feel that your job is challenging enough?,Do you have any additional comments or suggestions to improve job satisfaction?,Job Satisfaction,0.8823529411764706,0.52286005,0.46939415,0.26924827340990304
2,Do you feel that your job is meaningful?,What is your role in the company?,Job Satisfaction,0.11764705882352941,0.4615402,0.5797591,0.4446894634711115
2,Do you feel that your job is meaningful?,How long have you been with the company?,Job Satisfaction,0.058823529411764705,0.3482675,0.5797591,0.39450859526793164
2,Do you feel that your job is meaningful?,How long have you been in your role?,Job Satisfaction,0.0,0.42255738,0.5797591,0.4697179049253464
2,Do you feel that your job is meaningful?,"Overall, how satisfied are you with your job?",Job Satisfaction,0.058823529411764705,0.6362585,0.5797591,0.5849026368723974
2,Do you feel that your job is meaningful?,Are you satisfied with your current job role and responsibilities?,Job Satisfaction,0.11764705882352941,0.73090833,0.5797591,0.6133989839177383
2,Do you feel that your job is meaningful?,How clearly are your job responsibilities and expectations communicated to you?,Job Satisfaction,0.17647058823529413,0.43805164,0.5797591,0.40847930222749707
2,Do you feel that your job is meaningful?,"Please, rate the level of challenge and interest in your work",Job Satisfaction,0.23529411764705882,0.3666906,0.5797591,0.3485899869884763
2,Do you feel that your job is meaningful?,"How satisfied are you with the physical work environment (e.g., office space, equipment, facilities)?",Job Satisfaction,0.29411764705882354,0.39074972,0.5797591,0.3457587825981053
2,Do you feel that your job is meaningful?,What is your opinion about the overall work atmosphere and culture?,Job Satisfaction,0.35294117647058826,0.4265555,0.5797591,0.34925139727799787
2,Do you feel that your job is meaningful?,Do you feel well when you get along with your colleagues?,Job Satisfaction,0.4117647058823529,0.43453655,0.5797591,0.33865651749074455
2,Do you feel that your job is meaningful?,I am satisfied with the support and guidance received from my immediate manager,Job Satisfaction,0.47058823529411764,0.3414858,0.5797591,0.2808181006908416
2,Do you feel that your job is meaningful?,Do you receive constructive feedback on your performance?,Job Satisfaction,0.5294117647058824,0.47168383,0.5797591,0.3296080420796688
2,Do you feel that your job is meaningful?,"How satisfied are you with your compensation (salary, bonuses)?",Job Satisfaction,0.5882352941176471,0.520571,0.5797591,0.3389469014273749
2,Do you feel that your job is meaningful?,"Please, rate you satisfaction level with the benefits provided by the company (e.g., health insurance, retirement plans, leave policies)",Job Satisfaction,0.6470588235294118,0.32630065,0.5797591,0.24427675934774537
2,Do you feel that your job is meaningful?,"In your opinion, are there enough opportunities for career advancement within the company?",Job Satisfaction,0.7058823529411765,0.5013991,0.5797591,0.30770416568065506
2,Do you feel that your job is meaningful?,How likely are you to recommend this company as a good place to work?,Job Satisfaction,0.7647058823529411,0.3768278,0.5797591,0.2480340803662936
2,Do you feel that your job is meaningful?,Do you have any additional comments or suggestions to improve job satisfaction?,Job Satisfaction,0.8235294117647058,0.539702,0.5797591,0.30255565470264806
3,Do you feel that your job is secure?,What is your role in the company?,Job Satisfaction,0.17647058823529413,0.4153671,0.48829097,0.37165761873126024
3,Do you feel that your job is secure?,How long have you been with the company?,Job Satisfaction,0.11764705882352941,0.3787493,0.48829097,0.3682842486783077
3,Do you feel that your job is secure?,How long have you been in your role?,Job Satisfaction,0.058823529411764705,0.42340496,0.48829097,0.4182668316695425
3,Do you feel that your job is secure?,"Overall, how satisfied are you with your job?",Job Satisfaction,0.0,0.58899903,0.48829097,0.5587866127490997
3,Do you feel that your job is secure?,Are you satisfied with your current job role and responsibilities?,Job Satisfaction,0.058823529411764705,0.6675736,0.48829097,0.5796894123156865
3,Do you feel that your job is secure?,How clearly are your job responsibilities and expectations communicated to you?,Job Satisfaction,0.11764705882352941,0.41402042,0.48829097,0.39037510062518876
3,Do you feel that your job is secure?,"Please, rate the level of challenge and interest in your work",Job Satisfaction,0.17647058823529413,0.24129333,0.48829097,0.2680837251991033
3,Do you feel that your job is secure?,"How satisfied are you with the physical work environment (e.g., office space, equipment, facilities)?",Job Satisfaction,0.23529411764705882,0.44219977,0.48829097,0.3691648165384928
3,Do you feel that your job is secure?,What is your opinion about the overall work atmosphere and culture?,Job Satisfaction,0.29411764705882354,0.47805387,0.48829097,0.3717784068801186
3,Do you feel that your job is secure?,Do you feel well when you get along with your colleagues?,Job Satisfaction,0.35294117647058826,0.44354284,0.48829097,0.3377584216387375
3,Do you feel that your job is secure?,I am satisfied with the support and guidance received from my immediate manager,Job Satisfaction,0.4117647058823529,0.42240968,0.48829097,0.3132066315660874
3,Do you feel that your job is secure?,Do you receive constructive feedback on your performance?,Job Satisfaction,0.47058823529411764,0.38695413,0.48829097,0.2838015222549438
3,Do you feel that your job is secure?,"How satisfied are you with your compensation (salary, bonuses)?",Job Satisfaction,0.5294117647058824,0.5367068,0.48829097,0.3414267271757126
3,Do you feel that your job is secure?,"Please, rate you satisfaction level with the benefits provided by the company (e.g., health insurance, retirement plans, leave policies)",Job Satisfaction,0.5882352941176471,0.40865386,0.48829097,0.27234314084053035
3,Do you feel that your job is secure?,"In your opinion, are there enough opportunities for career advancement within the company?",Job Satisfaction,0.6470588235294118,0.49280962,0.48829097,0.2983828015625477
3,Do you feel that your job is secure?,How likely are you to recommend this company as a good place to work?,Job Satisfaction,0.7058823529411765,0.49676895,0.48829097,0.2897184291790271
3,Do you feel that your job is secure?,Do you have any additional comments or suggestions to improve job satisfaction?,Job Satisfaction,0.7647058823529411,0.487614,0.48829097,0.2764296864469846
4,Do you feel that your job is well-compensated?,What is your role in the company?,Job Satisfaction,0.23529411764705882,0.40796018,0.51311827,0.35579186961764375
4,Do you feel that your job is well-compensated?,How long have you been with the company?,Job Satisfaction,0.17647058823529413,0.361458,0.51311827,0.34591267019510263
4,Do you feel that your job is well-compensated?,How long have you been in your role?,Job Satisfaction,0.11764705882352941,0.39147145,0.51311827,0.38291649285115686
4,Do you feel that your job is well-compensated?,"Overall, how satisfied are you with your job?",Job Satisfaction,0.058823529411764705,0.64640546,0.51311827,0.5727293398645189
4,Do you feel that your job is well-compensated?,Are you satisfied with your current job role and responsibilities?,Job Satisfaction,0.0,0.6708167,0.51311827,0.6235071837902069
4,Do you feel that your job is well-compensated?,How clearly are your job responsibilities and expectations communicated to you?,Job Satisfaction,0.058823529411764705,0.45826542,0.51311827,0.4483478724956512
4,Do you feel that your job is well-compensated?,"Please, rate the level of challenge and interest in your work",Job Satisfaction,0.11764705882352941,0.31998363,0.51311827,0.3381425460702494
4,Do you feel that your job is well-compensated?,"How satisfied are you with the physical work environment (e.g., office space, equipment, facilities)?",Job Satisfaction,0.17647058823529413,0.47567683,0.51311827,0.4138728746771812
4,Do you feel that your job is well-compensated?,What is your opinion about the overall work atmosphere and culture?,Job Satisfaction,0.23529411764705882,0.46231022,0.51311827,0.3865902303230194
4,Do you feel that your job is well-compensated?,Do you feel well when you get along with your colleagues?,Job Satisfaction,0.29411764705882354,0.4577029,0.51311827,0.36652580594474615
4,Do you feel that your job is well-compensated?,I am satisfied with the support and guidance received from my immediate manager,Job Satisfaction,0.35294117647058826,0.39373744,0.51311827,0.3174947235895239
4,Do you feel that your job is well-compensated?,Do you receive constructive feedback on your performance?,Job Satisfaction,0.4117647058823529,0.50091887,0.51311827,0.35740990241368614
4,Do you feel that your job is well-compensated?,"How satisfied are you with your compensation (salary, bonuses)?",Job Satisfaction,0.47058823529411764,0.73650193,0.51311827,0.45525104618072504
4,Do you feel that your job is well-compensated?,"Please, rate you satisfaction level with the benefits provided by the company (e.g., health insurance, retirement plans, leave policies)",Job Satisfaction,0.5294117647058824,0.42954025,0.51311827,0.2972473883858094
4,Do you feel that your job is well-compensated?,"In your opinion, are there enough opportunities for career advancement within the company?",Job Satisfaction,0.5882352941176471,0.47805616,0.51311827,0.3076211665515546
4,Do you feel that your job is well-compensated?,How likely are you to recommend this company as a good place to work?,Job Satisfaction,0.6470588235294118,0.44771892,0.51311827,0.2837413675018719
4,Do you feel that your job is well-compensated?,Do you have any additional comments or suggestions to improve job satisfaction?,Job Satisfaction,0.7058823529411765,0.50695527,0.51311827,0.2982645112892676
5,Do you feel that your job provides opportunities for growth and development?,What is your role in the company?,Job Satisfaction,0.29411764705882354,0.47691774,0.52057517,0.3786479315974495
5,Do you feel that your job provides opportunities for growth and development?,How long have you been with the company?,Job Satisfaction,0.23529411764705882,0.35935736,0.52057517,0.3300612330436707
5,Do you feel that your job provides opportunities for growth and development?,How long have you been in your role?,Job Satisfaction,0.17647058823529413,0.42491773,0.52057517,0.38557271525263787
5,Do you feel that your job provides opportunities for growth and development?,"Overall, how satisfied are you with your job?",Job Satisfaction,0.11764705882352941,0.591706,0.52057517,0.5103281306593042
5,Do you feel that your job provides opportunities for growth and development?,Are you satisfied with your current job role and responsibilities?,Job Satisfaction,0.058823529411764705,0.6993208,0.52057517,0.6098250435458289
5,Do you feel that your job provides opportunities for growth and development?,How clearly are your job responsibilities and expectations communicated to you?,Job Satisfaction,0.0,0.3832796,0.52057517,0.4244682639837265
5,Do you feel that your job provides opportunities for growth and development?,"Please, rate the level of challenge and interest in your work",Job Satisfaction,0.058823529411764705,0.37226027,0.52057517,0.39360169933901895
5,Do you feel that your job provides opportunities for growth and development?,"How satisfied are you with the physical work environment (e.g., office space, equipment, facilities)?",Job Satisfaction,0.11764705882352941,0.46350002,0.52057517,0.43003071672038023
5,Do you feel that your job provides opportunities for growth and development?,What is your opinion about the overall work atmosphere and culture?,Job Satisfaction,0.17647058823529413,0.51149994,0.52057517,0.43708913236856456
5,Do you feel that your job provides opportunities for growth and development?,Do you feel well when you get along with your colleagues?,Job Satisfaction,0.23529411764705882,0.4747874,0.52057517,0.39547159870465587
5,Do you feel that your job provides opportunities for growth and development?,I am satisfied with the support and guidance received from my immediate manager,Job Satisfaction,0.29411764705882354,0.42513442,0.52057517,0.35063786127350544
5,Do you feel that your job provides opportunities for growth and development?,Do you receive constructive feedback on your performance?,Job Satisfaction,0.35294117647058826,0.47941795,0.52057517,0.363478563013284
5,Do you feel that your job provides opportunities for growth and development?,"How satisfied are you with your compensation (salary, bonuses)?",Job Satisfaction,0.4117647058823529,0.49765265,0.52057517,0.3573749949534734
5,Do you feel that your job provides opportunities for growth and development?,"Please, rate you satisfaction level with the benefits provided by the company (e.g., health insurance, retirement plans, leave policies)",Job Satisfaction,0.47058823529411764,0.38629907,0.52057517,0.2900756928920745
5,Do you feel that your job provides opportunities for growth and development?,"In your opinion, are there enough opportunities for career advancement within the company?",Job Satisfaction,0.5294117647058824,0.69858575,0.52057517,0.4218501444046314
5,Do you feel that your job provides opportunities for growth and development?,How likely are you to recommend this company as a good place to work?,Job Satisfaction,0.5882352941176471,0.42821878,0.52057517,0.28706432779630026
5,Do you feel that your job provides opportunities for growth and development?,Do you have any additional comments or suggestions to improve job satisfaction?,Job Satisfaction,0.6470588235294118,0.6354066,0.52057517,0.36486685872077945
6,Do you feel that your job provides a good work-life balance?,What is your role in the company?,Job Satisfaction,0.35294117647058826,0.40717816,0.518427,0.3256259964860003
6,Do you feel that your job provides a good work-life balance?,How long have you been with the company?,Job Satisfaction,0.29411764705882354,0.32725814,0.518427,0.29719771079041735
6,Do you feel that your job provides a good work-life balance?,How long have you been in your role?,Job Satisfaction,0.23529411764705882,0.41587794,0.518427,0.36156786850520545
6,Do you feel that your job provides a good work-life balance?,"Overall, how satisfied are you with your job?",Job Satisfaction,0.17647058823529413,0.6376742,0.518427,0.5116150450706481
6,Do you feel that your job provides a good work-life balance?,Are you satisfied with your current job role and responsibilities?,Job Satisfaction,0.11764705882352941,0.6880962,0.518427,0.5701222554633492
6,Do you feel that your job provides a good work-life balance?,How clearly are your job responsibilities and expectations communicated to you?,Job Satisfaction,0.058823529411764705,0.44169414,0.518427,0.43889655801984995
6,Do you feel that your job provides a good work-life balance?,"Please, rate the level of challenge and interest in your work",Job Satisfaction,0.0,0.32415915,0.518427,0.3824395060539245
6,Do you feel that your job provides a good work-life balance?,"How satisfied are you with the physical work environment (e.g., office space, equipment, facilities)?",Job Satisfaction,0.058823529411764705,0.47962058,0.518427,0.46397014591428964
6,Do you feel that your job provides a good work-life balance?,What is your opinion about the overall work atmosphere and culture?,Job Satisfaction,0.11764705882352941,0.5051737,0.518427,0.45555497909847054
6,Do you feel that your job provides a good work-life balance?,Do you feel well when you get along with your colleagues?,Job Satisfaction,0.17647058823529413,0.50211406,0.518427,0.4309567528963088
6,Do you feel that your job provides a good work-life balance?,I am satisfied with the support and guidance received from my immediate manager,Job Satisfaction,0.23529411764705882,0.32636708,0.518427,0.3108450489384787
6,Do you feel that your job provides a good work-life balance?,Do you receive constructive feedback on your performance?,Job Satisfaction,0.29411764705882354,0.41369915,0.518427,0.3439544390548359
6,Do you feel that your job provides a good work-life balance?,"How satisfied are you with your compensation (salary, bonuses)?",Job Satisfaction,0.35294117647058826,0.5036564,0.518427,0.3755429905393849
6,Do you feel that your job provides a good work-life balance?,"Please, rate you satisfaction level with the benefits provided by the company (e.g., health insurance, retirement plans, leave policies)",Job Satisfaction,0.4117647058823529,0.34657094,0.518427,0.282007164383928
6,Do you feel that your job provides a good work-life balance?,"In your opinion, are there enough opportunities for career advancement within the company?",Job Satisfaction,0.47058823529411764,0.45364955,0.518427,0.3216962970495224
6,Do you feel that your job provides a good work-life balance?,How likely are you to recommend this company as a good place to work?,Job Satisfaction,0.5294117647058824,0.41423112,0.518427,0.29128185075062973
6,Do you feel that your job provides a good work-life balance?,Do you have any additional comments or suggestions to improve job satisfaction?,Job Satisfaction,0.5882352941176471,0.53495693,0.518427,0.33370241721471144
7,Do you feel that your job provides a sense of accomplishment?,What is your role in the company?,Job Satisfaction,0.4117647058823529,0.43138883,0.6663492,0.35549615832666553
7,Do you feel that your job provides a sense of accomplishment?,How long have you been with the company?,Job Satisfaction,0.35294117647058826,0.34108043,0.6663492,0.3242277331974195
7,Do you feel that your job provides a sense of accomplishment?,How long have you been in your role?,Job Satisfaction,0.29411764705882354,0.4124682,0.6663492,0.3775796500119295
7,Do you feel that your job provides a sense of accomplishment?,"Overall, how satisfied are you with your job?",Job Satisfaction,0.23529411764705882,0.66739154,0.6663492,0.5400161947522845
7,Do you feel that your job provides a sense of accomplishment?,Are you satisfied with your current job role and responsibilities?,Job Satisfaction,0.17647058823529413,0.71893,0.6663492,0.5976823925971984
7,Do you feel that your job provides a sense of accomplishment?,How clearly are your job responsibilities and expectations communicated to you?,Job Satisfaction,0.11764705882352941,0.40006387,0.6663492,0.42942846637023113
7,Do you feel that your job provides a sense of accomplishment?,"Please, rate the level of challenge and interest in your work",Job Satisfaction,0.058823529411764705,0.35051784,0.6663492,0.4205301703678237
7,Do you feel that your job provides a sense of accomplishment?,"How satisfied are you with the physical work environment (e.g., office space, equipment, facilities)?",Job Satisfaction,0.0,0.4136413,0.6663492,0.4894536644220352
7,Do you feel that your job provides a sense of accomplishment?,What is your opinion about the overall work atmosphere and culture?,Job Satisfaction,0.058823529411764705,0.429498,0.6663492,0.47274482366111537
7,Do you feel that your job provides a sense of accomplishment?,Do you feel well when you get along with your colleagues?,Job Satisfaction,0.11764705882352941,0.5166279,0.6663492,0.502434362235822
7,Do you feel that your job provides a sense of accomplishment?,I am satisfied with the support and guidance received from my immediate manager,Job Satisfaction,0.17647058823529413,0.43625462,0.6663492,0.42949053823947897
7,Do you feel that your job provides a sense of accomplishment?,Do you receive constructive feedback on your performance?,Job Satisfaction,0.23529411764705882,0.53733,0.6663492,0.4663146402154649
7,Do you feel that your job provides a sense of accomplishment?,"How satisfied are you with your compensation (salary, bonuses)?",Job Satisfaction,0.29411764705882354,0.56491005,0.6663492,0.4600368375127965
7,Do you feel that your job provides a sense of accomplishment?,"Please, rate you satisfaction level with the benefits provided by the company (e.g., health insurance, retirement plans, leave policies)",Job Satisfaction,0.35294117647058826,0.35333616,0.6663492,0.3305687404197195
7,Do you feel that your job provides a sense of accomplishment?,"In your opinion, are there enough opportunities for career advancement within the company?",Job Satisfaction,0.4117647058823529,0.5066799,0.6663492,0.3928279792269071
7,Do you feel that your job provides a sense of accomplishment?,How likely are you to recommend this company as a good place to work?,Job Satisfaction,0.47058823529411764,0.3494072,0.6663492,0.302253056526184
7,Do you feel that your job provides a sense of accomplishment?,Do you have any additional comments or suggestions to improve job satisfaction?,Job Satisfaction,0.5294117647058824,0.5823641,0.6663492,0.3972505138470576
8,Do you feel that your job provides a sense of purpose?,What is your role in the company?,Job Satisfaction,0.47058823529411764,0.44145074,0.58889854,0.33026585662364955
8,Do you feel that your job provides a sense of purpose?,How long have you been with the company?,Job Satisfaction,0.4117647058823529,0.28673154,0.58889854,0.2673119954764843
8,Do you feel that your job provides a sense of purpose?,How long have you been in your role?,Job Satisfaction,0.35294117647058826,0.36464038,0.58889854,0.3192436144403789
8,Do you feel that your job provides a sense of purpose?,"Overall, how satisfied are you with your job?",Job Satisfaction,0.29411764705882354,0.56942046,0.58889854,0.4445220903916792
8,Do you feel that your job provides a sense of purpose?,Are you satisfied with your current job role and responsibilities?,Job Satisfaction,0.23529411764705882,0.6783758,0.58889854,0.5274311590762365
8,Do you feel that your job provides a sense of purpose?,How clearly are your job responsibilities and expectations communicated to you?,Job Satisfaction,0.17647058823529413,0.40673357,0.58889854,0.392175603210926
8,Do you feel that your job provides a sense of purpose?,"Please, rate the level of challenge and interest in your work",Job Satisfaction,0.11764705882352941,0.2944876,0.58889854,0.3425149967795924
8,Do you feel that your job provides a sense of purpose?,"How satisfied are you with the physical work environment (e.g., office space, equipment, facilities)?",Job Satisfaction,0.058823529411764705,0.3751961,0.58889854,0.4149008962843153
8,Do you feel that your job provides a sense of purpose?,What is your opinion about the overall work atmosphere and culture?,Job Satisfaction,0.0,0.4078837,0.58889854,0.46218815445899963
8,Do you feel that your job provides a sense of purpose?,Do you feel well when you get along with your colleagues?,Job Satisfaction,0.058823529411764705,0.4815043,0.58889854,0.4851824232273631
8,Do you feel that your job provides a sense of purpose?,I am satisfied with the support and guidance received from my immediate manager,Job Satisfaction,0.11764705882352941,0.3541383,0.58889854,0.3798751840465947
8,Do you feel that your job provides a sense of purpose?,Do you receive constructive feedback on your performance?,Job Satisfaction,0.17647058823529413,0.45865685,0.58889854,0.42306995183229446
8,Do you feel that your job provides a sense of purpose?,"How satisfied are you with your compensation (salary, bonuses)?",Job Satisfaction,0.23529411764705882,0.4462079,0.58889854,0.39586936618600566
8,Do you feel that your job provides a sense of purpose?,"Please, rate you satisfaction level with the benefits provided by the company (e.g., health insurance, retirement plans, leave policies)",Job Satisfaction,0.29411764705882354,0.297866,0.58889854,0.29763580885800445
8,Do you feel that your job provides a sense of purpose?,"In your opinion, are there enough opportunities for career advancement within the company?",Job Satisfaction,0.35294117647058826,0.47111696,0.58889854,0.3743336685325788
8,Do you feel that your job provides a sense of purpose?,How likely are you to recommend this company as a good place to work?,Job Satisfaction,0.4117647058823529,0.32232058,0.58889854,0.2849582274754842
8,Do you feel that your job provides a sense of purpose?,Do you have any additional comments or suggestions to improve job satisfaction?,Job Satisfaction,0.47058823529411764,0.53528714,0.58889854,0.3749319815635681
9,Do you feel that your job provides a sense of belonging?,What is your role in the company?,Job Satisfaction,0.5294117647058824,0.4739125,0.53108436,0.32108034869799246
9,Do you feel that your job provides a sense of belonging?,How long have you been with the company?,Job Satisfaction,0.47058823529411764,0.35951012,0.53108436,0.2794680280685425
9,Do you feel that your job provides a sense of belonging?,How long have you been in your role?,Job Satisfaction,0.4117647058823529,0.38945615,0.53108436,0.3059607687095801
9,Do you feel that your job provides a sense of belonging?,"Overall, how satisfied are you with your job?",Job Satisfaction,0.35294117647058826,0.5580648,0.53108436,0.4065000681773476
9,Do you feel that your job provides a sense of belonging?,Are you satisfied with your current job role and responsibilities?,Job Satisfaction,0.29411764705882354,0.63515365,0.53108436,0.466675394502553
9,Do you feel that your job provides a sense of belonging?,How clearly are your job responsibilities and expectations communicated to you?,Job Satisfaction,0.23529411764705882,0.3635431,0.53108436,0.3349853827839806
9,Do you feel that your job provides a sense of belonging?,"Please, rate the level of challenge and interest in your work",Job Satisfaction,0.17647058823529413,0.24403465,0.53108436,0.2806271269917488
9,Do you feel that your job provides a sense of belonging?,"How satisfied are you with the physical work environment (e.g., office space, equipment, facilities)?",Job Satisfaction,0.11764705882352941,0.46186724,0.53108436,0.4318289695601714
9,Do you feel that your job provides a sense of belonging?,What is your opinion about the overall work atmosphere and culture?,Job Satisfaction,0.058823529411764705,0.5299009,0.53108436,0.5007972800069385
9,Do you feel that your job provides a sense of belonging?,Do you feel well when you get along with your colleagues?,Job Satisfaction,0.0,0.5422287,0.53108436,0.5388853967189788
9,Do you feel that your job provides a sense of belonging?,I am satisfied with the support and guidance received from my immediate manager,Job Satisfaction,0.058823529411764705,0.33963078,0.53108436,0.3750075856844584
9,Do you feel that your job provides a sense of belonging?,Do you receive constructive feedback on your performance?,Job Satisfaction,0.11764705882352941,0.41064578,0.53108436,0.3997481603371469
9,Do you feel that your job provides a sense of belonging?,"How satisfied are you with your compensation (salary, bonuses)?",Job Satisfaction,0.17647058823529413,0.44406033,0.53108436,0.39964240521192546
9,Do you feel that your job provides a sense of belonging?,"Please, rate you satisfaction level with the benefits provided by the company (e.g., health insurance, retirement plans, leave policies)",Job Satisfaction,0.23529411764705882,0.35447904,0.53108436,0.32984908861773354
9,Do you feel that your job provides a sense of belonging?,"In your opinion, are there enough opportunities for career advancement within the company?",Job Satisfaction,0.29411764705882354,0.4544397,0.53108436,0.3689255752346732
9,Do you feel that your job provides a sense of belonging?,How likely are you to recommend this company as a good place to work?,Job Satisfaction,0.35294117647058826,0.42270595,0.53108436,0.33646656585776286
9,Do you feel that your job provides a sense of belonging?,Do you have any additional comments or suggestions to improve job satisfaction?,Job Satisfaction,0.4117647058823529,0.49249107,0.53108436,0.35704891333977384
10,Do you feel that your job provides a sense of autonomy?,What is your role in the company?,Job Satisfaction,0.5882352941176471,0.43843704,0.4518657,0.27858947835586684
10,Do you feel that your job provides a sense of autonomy?,How long have you been with the company?,Job Satisfaction,0.5294117647058824,0.2557705,0.4518657,0.20569938799509635
10,Do you feel that your job provides a sense of autonomy?,How long have you been in your role?,Job Satisfaction,0.47058823529411764,0.3451771,0.4518657,0.2564849096536636
10,Do you feel that your job provides a sense of autonomy?,"Overall, how satisfied are you with your job?",Job Satisfaction,0.4117647058823529,0.4956414,0.4518657,0.3417769944916169
10,Do you feel that your job provides a sense of autonomy?,Are you satisfied with your current job role and responsibilities?,Job Satisfaction,0.35294117647058826,0.62622887,0.4518657,0.4242016793593116
10,Do you feel that your job provides a sense of autonomy?,How clearly are your job responsibilities and expectations communicated to you?,Job Satisfaction,0.29411764705882354,0.46884045,0.4518657,0.3583507472818548
10,Do you feel that your job provides a sense of autonomy?,"Please, rate the level of challenge and interest in your work",Job Satisfaction,0.23529411764705882,0.24650893,0.4518657,0.24942720504034133
10,Do you feel that your job provides a sense of autonomy?,"How satisfied are you with the physical work environment (e.g., office space, equipment, facilities)?",Job Satisfaction,0.17647058823529413,0.42809135,0.4518657,0.36994010582566256
10,Do you feel that your job provides a sense of autonomy?,What is your opinion about the overall work atmosphere and culture?,Job Satisfaction,0.11764705882352941,0.44358057,0.4518657,0.3991117811516711
10,Do you feel that your job provides a sense of autonomy?,Do you feel well when you get along with your colleagues?,Job Satisfaction,0.058823529411764705,0.47487137,0.4518657,0.44197135302755564
10,Do you feel that your job provides a sense of autonomy?,I am satisfied with the support and guidance received from my immediate manager,Job Satisfaction,0.0,0.37410522,0.4518657,0.39743336141109464
10,Do you feel that your job provides a sense of autonomy?,Do you receive constructive feedback on your performance?,Job Satisfaction,0.058823529411764705,0.4583493,0.4518657,0.4310484225551287
10,Do you feel that your job provides a sense of autonomy?,"How satisfied are you with your compensation (salary, bonuses)?",Job Satisfaction,0.11764705882352941,0.44239825,0.4518657,0.39837127688683954
10,Do you feel that your job provides a sense of autonomy?,"Please, rate you satisfaction level with the benefits provided by the company (e.g., health insurance, retirement plans, leave policies)",Job Satisfaction,0.17647058823529413,0.306925,0.4518657,0.2978461284935474
10,Do you feel that your job provides a sense of autonomy?,"In your opinion, are there enough opportunities for career advancement within the company?",Job Satisfaction,0.23529411764705882,0.454747,0.4518657,0.3674287753445761
10,Do you feel that your job provides a sense of autonomy?,How likely are you to recommend this company as a good place to work?,Job Satisfaction,0.29411764705882354,0.34185734,0.4518657,0.2896644307808442
10,Do you feel that your job provides a sense of autonomy?,Do you have any additional comments or suggestions to improve job satisfaction?,Job Satisfaction,0.35294117647058826,0.44575924,0.4518657,0.33082826098670126
11,Do you feel that your job provides a sense of recognition?,What is your role in the company?,Job Satisfaction,0.6470588235294118,0.4375768,0.51650685,0.28004817377243724
11,Do you feel that your job provides a sense of recognition?,How long have you been with the company?,Job Satisfaction,0.5882352941176471,0.3457753,0.51650685,0.2499596697312814
11,Do you feel that your job provides a sense of recognition?,How long have you been in your role?,Job Satisfaction,0.5294117647058824,0.41341507,0.51650685,0.2905317047467599
11,Do you feel that your job provides a sense of recognition?,"Overall, how satisfied are you with your job?",Job Satisfaction,0.47058823529411764,0.57848084,0.51650685,0.38072427725791924
11,Do you feel that your job provides a sense of recognition?,Are you satisfied with your current job role and responsibilities?,Job Satisfaction,0.4117647058823529,0.62136114,0.51650685,0.41784926926096283
11,Do you feel that your job provides a sense of recognition?,How clearly are your job responsibilities and expectations communicated to you?,Job Satisfaction,0.35294117647058826,0.39040375,0.51650685,0.3165212841137595
11,Do you feel that your job provides a sense of recognition?,"Please, rate the level of challenge and interest in your work",Job Satisfaction,0.29411764705882354,0.32607174,0.51650685,0.2961108470504934
11,Do you feel that your job provides a sense of recognition?,"How satisfied are you with the physical work environment (e.g., office space, equipment, facilities)?",Job Satisfaction,0.23529411764705882,0.3932479,0.51650685,0.34827785605476014
11,Do you feel that your job provides a sense of recognition?,What is your opinion about the overall work atmosphere and culture?,Job Satisfaction,0.17647058823529413,0.4418666,0.51650685,0.3946198777854443
11,Do you feel that your job provides a sense of recognition?,Do you feel well when you get along with your colleagues?,Job Satisfaction,0.11764705882352941,0.5398897,0.51650685,0.47678275202449993
11,Do you feel that your job provides a sense of recognition?,I am satisfied with the support and guidance received from my immediate manager,Job Satisfaction,0.058823529411764705,0.38829136,0.51650685,0.40304733945263754
11,Do you feel that your job provides a sense of recognition?,Do you receive constructive feedback on your performance?,Job Satisfaction,0.0,0.561739,0.51650685,0.5481693744659424
11,Do you feel that your job provides a sense of recognition?,"How satisfied are you with your compensation (salary, bonuses)?",Job Satisfaction,0.058823529411764705,0.5235243,0.51650685,0.49245132903258004
11,Do you feel that your job provides a sense of recognition?,"Please, rate you satisfaction level with the benefits provided by the company (e.g., health insurance, retirement plans, leave policies)",Job Satisfaction,0.11764705882352941,0.31903583,0.51650685,0.33845848911686943
11,Do you feel that your job provides a sense of recognition?,"In your opinion, are there enough opportunities for career advancement within the company?",Job Satisfaction,0.17647058823529413,0.46780175,0.51650685,0.4100512880086898
11,Do you feel that your job provides a sense of recognition?,How likely are you to recommend this company as a good place to work?,Job Satisfaction,0.23529411764705882,0.36534107,0.51650685,0.33246398284321743
11,Do you feel that your job provides a sense of recognition?,Do you have any additional comments or suggestions to improve job satisfaction?,Job Satisfaction,0.29411764705882354,0.484041,0.51650685,0.38155785920945073
12,Do you feel that your job provides a sense of respect?,What is your role in the company?,Job Satisfaction,0.7058823529411765,0.4164387,0.46853527,0.2532810487623872
12,Do you feel that your job provides a sense of respect?,How long have you been with the company?,Job Satisfaction,0.6470588235294118,0.32546514,0.46853527,0.22366303918617111
12,Do you feel that your job provides a sense of respect?,How long have you been in your role?,Job Satisfaction,0.5882352941176471,0.39389014,0.46853527,0.26210454051141385
12,Do you feel that your job provides a sense of respect?,"Overall, how satisfied are you with your job?",Job Satisfaction,0.5294117647058824,0.54212356,0.46853527,0.3400307775690006
12,Do you feel that your job provides a sense of respect?,Are you satisfied with your current job role and responsibilities?,Job Satisfaction,0.47058823529411764,0.61277896,0.46853527,0.3872639816999435
12,Do you feel that your job provides a sense of respect?,How clearly are your job responsibilities and expectations communicated to you?,Job Satisfaction,0.4117647058823529,0.51522386,0.46853527,0.35502891006569065
12,Do you feel that your job provides a sense of respect?,"Please, rate the level of challenge and interest in your work",Job Satisfaction,0.35294117647058826,0.26834407,0.46853527,0.24273149500722468
12,Do you feel that your job provides a sense of respect?,"How satisfied are you with the physical work environment (e.g., office space, equipment, facilities)?",Job Satisfaction,0.29411764705882354,0.44500375,0.46853527,0.3493215681477026
12,Do you feel that your job provides a sense of respect?,What is your opinion about the overall work atmosphere and culture?,Job Satisfaction,0.23529411764705882,0.526132,0.46853527,0.4119285976602917
12,Do you feel that your job provides a sense of respect?,Do you feel well when you get along with your colleagues?,Job Satisfaction,0.17647058823529413,0.5697683,0.46853527,0.4584886391460895
12,Do you feel that your job provides a sense of respect?,I am satisfied with the support and guidance received from my immediate manager,Job Satisfaction,0.11764705882352941,0.36100054,0.46853527,0.3518650683917497
12,Do you feel that your job provides a sense of respect?,Do you receive constructive feedback on your performance?,Job Satisfaction,0.058823529411764705,0.5076367,0.46853527,0.4683559409446186
12,Do you feel that your job provides a sense of respect?,"How satisfied are you with your compensation (salary, bonuses)?",Job Satisfaction,0.0,0.4913417,0.46853527,0.484499779343605
12,Do you feel that your job provides a sense of respect?,"Please, rate you satisfaction level with the benefits provided by the company (e.g., health insurance, retirement plans, leave policies)",Job Satisfaction,0.058823529411764705,0.32085136,0.46853527,0.3448700573709276
12,Do you feel that your job provides a sense of respect?,"In your opinion, are there enough opportunities for career advancement within the company?",Job Satisfaction,0.11764705882352941,0.44404775,0.46853527,0.4038788480193991
12,Do you feel that your job provides a sense of respect?,How likely are you to recommend this company as a good place to work?,Job Satisfaction,0.17647058823529413,0.34458673,0.46853527,0.32450559929013245
12,Do you feel that your job provides a sense of respect?,Do you have any additional comments or suggestions to improve job satisfaction?,Job Satisfaction,0.23529411764705882,0.48124182,0.46853527,0.38649083730720335
13,Do you feel that your job provides a sense of camaraderie with your colleagues?,What is your role in the company?,Job Satisfaction,0.7647058823529411,0.37137318,0.38707355,0.21311386297146478
13,Do you feel that your job provides a sense of camaraderie with your colleagues?,How long have you been with the company?,Job Satisfaction,0.7058823529411765,0.28177267,0.38707355,0.18369551372939139
13,Do you feel that your job provides a sense of camaraderie with your colleagues?,How long have you been in your role?,Job Satisfaction,0.6470588235294118,0.3238539,0.38707355,0.20814059344785554
13,Do you feel that your job provides a sense of camaraderie with your colleagues?,"Overall, how satisfied are you with your job?",Job Satisfaction,0.5882352941176471,0.44286928,0.38707355,0.2683044248157077
13,Do you feel that your job provides a sense of camaraderie with your colleagues?,Are you satisfied with your current job role and responsibilities?,Job Satisfaction,0.5294117647058824,0.47838008,0.38707355,0.29487684953671234
13,Do you feel that your job provides a sense of camaraderie with your colleagues?,How clearly are your job responsibilities and expectations communicated to you?,Job Satisfaction,0.47058823529411764,0.3359977,0.38707355,0.23889790904521938
13,Do you feel that your job provides a sense of camaraderie with your colleagues?,"Please, rate the level of challenge and interest in your work",Job Satisfaction,0.4117647058823529,0.20765588,0.38707355,0.1852158342798551
13,Do you feel that your job provides a sense of camaraderie with your colleagues?,"How satisfied are you with the physical work environment (e.g., office space, equipment, facilities)?",Job Satisfaction,0.35294117647058826,0.46881253,0.38707355,0.3283888755933098
13,Do you feel that your job provides a sense of camaraderie with your colleagues?,What is your opinion about the overall work atmosphere and culture?,Job Satisfaction,0.29411764705882354,0.5336093,0.38707355,0.3783647915179079
13,Do you feel that your job provides a sense of camaraderie with your colleagues?,Do you feel well when you get along with your colleagues?,Job Satisfaction,0.23529411764705882,0.81248343,0.38707355,0.5544108525628135
13,Do you feel that your job provides a sense of camaraderie with your colleagues?,I am satisfied with the support and guidance received from my immediate manager,Job Satisfaction,0.17647058823529413,0.31918168,0.38707355,0.2886168543994426
13,Do you feel that your job provides a sense of camaraderie with your colleagues?,Do you receive constructive feedback on your performance?,Job Satisfaction,0.11764705882352941,0.53263164,0.38707355,0.4374942922278454
13,Do you feel that your job provides a sense of camaraderie with your colleagues?,"How satisfied are you with your compensation (salary, bonuses)?",Job Satisfaction,0.058823529411764705,0.3681848,0.38707355,0.3530819036894375
13,Do you feel that your job provides a sense of camaraderie with your colleagues?,"Please, rate you satisfaction level with the benefits provided by the company (e.g., health insurance, retirement plans, leave policies)",Job Satisfaction,0.0,0.26416165,0.38707355,0.3010352164506912
13,Do you feel that your job provides a sense of camaraderie with your colleagues?,"In your opinion, are there enough opportunities for career advancement within the company?",Job Satisfaction,0.058823529411764705,0.40673804,0.38707355,0.3785698776443799
13,Do you feel that your job provides a sense of camaraderie with your colleagues?,How likely are you to recommend this company as a good place to work?,Job Satisfaction,0.11764705882352941,0.30807683,0.38707355,0.29685207103428085
13,Do you feel that your job provides a sense of camaraderie with your colleagues?,Do you have any additional comments or suggestions to improve job satisfaction?,Job Satisfaction,0.17647058823529413,0.4132997,0.38707355,0.34461708158254617
14,Do you feel that your job provides a sense of contribution to society?,What is your role in the company?,Job Satisfaction,0.8235294117647058,0.46897686,0.4637985,0.25632893202766294
14,Do you feel that your job provides a sense of contribution to society?,How long have you been with the company?,Job Satisfaction,0.7647058823529411,0.29144427,0.4637985,0.19445197165012357
14,Do you feel that your job provides a sense of contribution to society?,How long have you been in your role?,Job Satisfaction,0.7058823529411765,0.36703083,0.4637985,0.23217376491119118
14,Do you feel that your job provides a sense of contribution to society?,"Overall, how satisfied are you with your job?",Job Satisfaction,0.6470588235294118,0.562994,0.4637985,0.3237500340810843
14,Do you feel that your job provides a sense of contribution to society?,Are you satisfied with your current job role and responsibilities?,Job Satisfaction,0.5882352941176471,0.6284392,0.4637985,0.36458513527004804
14,Do you feel that your job provides a sense of contribution to society?,How clearly are your job responsibilities and expectations communicated to you?,Job Satisfaction,0.5294117647058824,0.3855055,0.4637985,0.2674187590296452
14,Do you feel that your job provides a sense of contribution to society?,"Please, rate the level of challenge and interest in your work",Job Satisfaction,0.47058823529411764,0.3303258,0.4637985,0.2518499791622162
14,Do you feel that your job provides a sense of contribution to society?,"How satisfied are you with the physical work environment (e.g., office space, equipment, facilities)?",Job Satisfaction,0.4117647058823529,0.3542459,0.4637985,0.2742041057596604
14,Do you feel that your job provides a sense of contribution to society?,What is your opinion about the overall work atmosphere and culture?,Job Satisfaction,0.35294117647058826,0.41681194,0.4637985,0.3184971494519192
14,Do you feel that your job provides a sense of contribution to society?,Do you feel well when you get along with your colleagues?,Job Satisfaction,0.29411764705882354,0.4628517,0.4637985,0.35787761739709156
14,Do you feel that your job provides a sense of contribution to society?,I am satisfied with the support and guidance received from my immediate manager,Job Satisfaction,0.23529411764705882,0.26390058,0.4637985,0.26218043778623856
14,Do you feel that your job provides a sense of contribution to society?,Do you receive constructive feedback on your performance?,Job Satisfaction,0.17647058823529413,0.4627104,0.4637985,0.3935813099145889
14,Do you feel that your job provides a sense of contribution to society?,"How satisfied are you with your compensation (salary, bonuses)?",Job Satisfaction,0.11764705882352941,0.44555932,0.4637985,0.40355411877757624
14,Do you feel that your job provides a sense of contribution to society?,"Please, rate you satisfaction level with the benefits provided by the company (e.g., health insurance, retirement plans, leave policies)",Job Satisfaction,0.058823529411764705,0.29473808,0.4637985,0.32626419530974493
14,Do you feel that your job provides a sense of contribution to society?,"In your opinion, are there enough opportunities for career advancement within the company?",Job Satisfaction,0.0,0.4154284,0.4637985,0.42993942797183987
14,Do you feel that your job provides a sense of contribution to society?,How likely are you to recommend this company as a good place to work?,Job Satisfaction,0.058823529411764705,0.35145104,0.4637985,0.36375776016049916
14,Do you feel that your job provides a sense of contribution to society?,Do you have any additional comments or suggestions to improve job satisfaction?,Job Satisfaction,0.11764705882352941,0.48967817,0.4637985,0.43118645203740974
15,Do you feel that your job provides a sense of innovation?,What is your role in the company?,Job Satisfaction,0.8823529411764706,0.41760594,0.41690737,0.2217418197542429
15,Do you feel that your job provides a sense of innovation?,How long have you been with the company?,Job Satisfaction,0.8235294117647058,0.3048132,0.41690737,0.18559692713522144
15,Do you feel that your job provides a sense of innovation?,How long have you been in your role?,Job Satisfaction,0.7647058823529411,0.37629098,0.41690737,0.22013634045918784
15,Do you feel that your job provides a sense of innovation?,"Overall, how satisfied are you with your job?",Job Satisfaction,0.7058823529411765,0.5057811,0.41690737,0.2808628567333879
15,Do you feel that your job provides a sense of innovation?,Are you satisfied with your current job role and responsibilities?,Job Satisfaction,0.6470588235294118,0.574799,0.41690737,0.32022627506937296
15,Do you feel that your job provides a sense of innovation?,How clearly are your job responsibilities and expectations communicated to you?,Job Satisfaction,0.5882352941176471,0.30991477,0.41690737,0.21534123420715331
15,Do you feel that your job provides a sense of innovation?,"Please, rate the level of challenge and interest in your work",Job Satisfaction,0.5294117647058824,0.37714666,0.41690737,0.2543951098735516
15,Do you feel that your job provides a sense of innovation?,"How satisfied are you with the physical work environment (e.g., office space, equipment, facilities)?",Job Satisfaction,0.47058823529411764,0.42494318,0.41690737,0.2873220566511154
15,Do you feel that your job provides a sense of innovation?,What is your opinion about the overall work atmosphere and culture?,Job Satisfaction,0.4117647058823529,0.47371075,0.41690737,0.32347439415752893
15,Do you feel that your job provides a sense of innovation?,Do you feel well when you get along with your colleagues?,Job Satisfaction,0.35294117647058826,0.47353905,0.41690737,0.3374496667281441
15,Do you feel that your job provides a sense of innovation?,I am satisfied with the support and guidance received from my immediate manager,Job Satisfaction,0.29411764705882354,0.33550543,0.41690737,0.27812464345585214
15,Do you feel that your job provides a sense of innovation?,Do you receive constructive feedback on your performance?,Job Satisfaction,0.23529411764705882,0.48893726,0.41690737,0.378313379344486
15,Do you feel that your job provides a sense of innovation?,"How satisfied are you with your compensation (salary, bonuses)?",Job Satisfaction,0.17647058823529413,0.40433902,0.41690737,0.346893093585968
15,Do you feel that your job provides a sense of innovation?,"Please, rate you satisfaction level with the benefits provided by the company (e.g., health insurance, retirement plans, leave policies)",Job Satisfaction,0.11764705882352941,0.29207793,0.41690737,0.2948397336821807
15,Do you feel that your job provides a sense of innovation?,"In your opinion, are there enough opportunities for career advancement within the company?",Job Satisfaction,0.058823529411764705,0.521065,0.41690737,0.4626056138012144
15,Do you feel that your job provides a sense of innovation?,How likely are you to recommend this company as a good place to work?,Job Satisfaction,0.0,0.36972117,0.41690737,0.38387703299522397
15,Do you feel that your job provides a sense of innovation?,Do you have any additional comments or suggestions to improve job satisfaction?,Job Satisfaction,0.058823529411764705,0.5106756,0.41690737,0.45573707421620685
16,Do you feel that your job provides a sense of leadership?,What is your role in the company?,Job Satisfaction,0.9411764705882353,0.50179994,0.45630842,0.251472492832126
16,Do you feel that your job provides a sense of leadership?,How long have you been with the company?,Job Satisfaction,0.8823529411764706,0.31837887,0.45630842,0.1911212958395481
16,Do you feel that your job provides a sense of leadership?,How long have you been in your role?,Job Satisfaction,0.8235294117647058,0.44605535,0.45630842,0.24629779554182482
16,Do you feel that your job provides a sense of leadership?,"Overall, how satisfied are you with your job?",Job Satisfaction,0.7647058823529411,0.53019977,0.45630842,0.287885006070137
16,Do you feel that your job provides a sense of leadership?,Are you satisfied with your current job role and responsibilities?,Job Satisfaction,0.7058823529411765,0.66180396,0.45630842,0.35181517580459853
16,Do you feel that your job provides a sense of leadership?,How clearly are your job responsibilities and expectations communicated to you?,Job Satisfaction,0.6470588235294118,0.4511058,0.45630842,0.27483328655362127
16,Do you feel that your job provides a sense of leadership?,"Please, rate the level of challenge and interest in your work",Job Satisfaction,0.5882352941176471,0.27707806,0.45630842,0.2083111817086184
16,Do you feel that your job provides a sense of leadership?,"How satisfied are you with the physical work environment (e.g., office space, equipment, facilities)?",Job Satisfaction,0.5294117647058824,0.3841961,0.45630842,0.2653502533069024
16,Do you feel that your job provides a sense of leadership?,What is your opinion about the overall work atmosphere and culture?,Job Satisfaction,0.47058823529411764,0.5057143,0.45630842,0.33380692410469054
16,Do you feel that your job provides a sense of leadership?,Do you feel well when you get along with your colleagues?,Job Satisfaction,0.4117647058823529,0.529339,0.45630842,0.3594294687112173
16,Do you feel that your job provides a sense of leadership?,I am satisfied with the support and guidance received from my immediate manager,Job Satisfaction,0.35294117647058826,0.3900619,0.45630842,0.3029960607704909
16,Do you feel that your job provides a sense of leadership?,Do you receive constructive feedback on your performance?,Job Satisfaction,0.29411764705882354,0.51589537,0.45630842,0.38483308309858494
16,Do you feel that your job provides a sense of leadership?,"How satisfied are you with your compensation (salary, bonuses)?",Job Satisfaction,0.23529411764705882,0.4228739,0.45630842,0.3504463116327921
16,Do you feel that your job provides a sense of leadership?,"Please, rate you satisfaction level with the benefits provided by the company (e.g., health insurance, retirement plans, leave policies)",Job Satisfaction,0.17647058823529413,0.31966555,0.45630842,0.3065596511960029
16,Do you feel that your job provides a sense of leadership?,"In your opinion, are there enough opportunities for career advancement within the company?",Job Satisfaction,0.11764705882352941,0.49893183,0.45630842,0.4349716675908942
16,Do you feel that your job provides a sense of leadership?,How likely are you to recommend this company as a good place to work?,Job Satisfaction,0.058823529411764705,0.3585276,0.45630842,0.3663139674398634
16,Do you feel that your job provides a sense of leadership?,Do you have any additional comments or suggestions to improve job satisfaction?,Job Satisfaction,0.0,0.5054044,0.45630842,0.49067561626434325
